0.9662 	0.6194 	0.0507 	0.0519 	0.8234 	0.7478 	0.3609 	0 
0.6082 	0.5553 	0.0514 	0.0510 	1.2681 	1.2587 	0.6007 	0 
1.2447 	0.4989 	0.0482 	0.0474 	0.8458 	1.3594 	0.3638 	0 
0.1516 	0.5042 	0.0566 	0.0513 	0.8885 	0.7958 	0.2294 	0 
0.1387 	0.6614 	0.0609 	0.0507 	0.8993 	0.6817 	0.3873 	0 
0.2015 	0.8520 	0.0458 	0.0684 	1.2458 	0.5627 	0.3104 	0 
0.8873 	0.6033 	0.0533 	0.0512 	0.9123 	0.7374 	0.3913 	0 
0.5062 	0.5204 	0.0548 	0.0509 	0.9085 	1.0383 	0.5481 	0 
0.8143 	0.5313 	0.0527 	0.0510 	0.8128 	1.4130 	0.3829 	0 
0.2399 	0.5299 	0.0505 	0.0511 	0.8324 	0.8713 	0.3153 	0 
0.2001 	0.6363 	0.0492 	0.0494 	0.9138 	0.8273 	0.3077 	0 
0.3183 	0.5341 	0.0512 	0.0518 	0.9801 	0.7409 	0.3964 	0 
0.4308 	0.4940 	0.0538 	0.0498 	0.8340 	0.6915 	0.3668 	0 
0.3172 	0.5570 	0.0524 	0.0510 	0.8491 	0.7704 	0.4220 	0 
0.7678 	0.6491 	0.4679 	0.0539 	2.4071 	0.0722 	0.4530 	1 
0.7857 	0.6182 	0.4678 	0.0551 	2.0636 	0.0581 	0.2738 	1 
0.7436 	0.6559 	0.4681 	0.0539 	1.7459 	0.0596 	0.6316 	1 
0.8771 	0.4266 	0.4683 	0.0445 	0.8485 	0.0594 	0.3862 	1 
0.7832 	0.6163 	0.4680 	0.0543 	1.9868 	0.0573 	0.4104 	1 
0.7745 	0.6214 	0.4679 	0.0550 	1.8345 	0.0591 	0.3518 	1 
0.8108 	0.6332 	0.4682 	0.0548 	1.7932 	0.0588 	0.5733 	1 
0.7533 	0.5456 	0.4682 	0.0518 	1.0452 	0.0717 	0.4021 	1 
0.8038 	0.5494 	0.0485 	0.0510 	0.8008 	0.3438 	0.4989 	2 
0.8356 	0.4024 	0.0665 	0.0445 	0.3734 	0.0579 	0.2846 	2 
0.7355 	0.3012 	0.0619 	0.0785 	0.6822 	0.0767 	0.1773 	2 
0.7966 	0.5128 	0.0480 	0.0502 	0.7731 	0.0596 	0.4130 	2 
0.8112 	0.4172 	0.0627 	0.0482 	0.4523 	0.0708 	0.2966 	2 
0.7438 	0.3411 	0.0621 	0.0641 	0.6172 	0.0635 	0.2071 	2 